[1,["e5RUWKP3pN/K3iNyXdRV79@6c48a","a7YStUNeNCOKGpSntUY1g5","49zwiUBXdN97ma9QLpycP7","62JcDVqzJFmoL/TvVZa1Xd@274e2","62JcDVqzJFmoL/TvVZa1Xd@438fe","62JcDVqzJFmoL/TvVZa1Xd@f928f","62JcDVqzJFmoL/TvVZa1Xd@ac3f0","62JcDVqzJFmoL/TvVZa1Xd@cf5ee","62JcDVqzJFmoL/TvVZa1Xd@24c9f","62JcDVqzJFmoL/TvVZa1Xd@f87ee","62JcDVqzJFmoL/TvVZa1Xd@ee525","62JcDVqzJFmoL/TvVZa1Xd@2c581","62JcDVqzJFmoL/TvVZa1Xd@6e7c3","62JcDVqzJFmoL/TvVZa1Xd@6af9c","62JcDVqzJFmoL/TvVZa1Xd@d36f8","62JcDVqzJFmoL/TvVZa1Xd@7c89c","62JcDVqzJFmoL/TvVZa1Xd@6f220","62JcDVqzJFmoL/TvVZa1Xd@d7727","62JcDVqzJFmoL/TvVZa1Xd@ea5fe"],["_parent","node","mainTexture","shadeMap1","shadeMap2","_effectAsset","root","target","data","_mesh","_skeleton"],[["cc.Node",["_name","_prefab","_euler","_parent","_lrot","_lpos","_children","_components","_lscale"],2,4,5,1,5,5,2,9,5],["cc.Node",["_name","_children","_prefab","_lpos","_lrot","_euler","_parent"],2,12,4,5,5,5,1],["cc.Material",["_name","_states","_defines","_props"],0,12],["cc.Mesh",["_native","_hash","_struct"],1,11],["cc.Skeleton",["_name","_hash","_joints","_bindposes"],0,12],["cc.Prefab",["_name"],2],["cc.Node",["_name","_parent","_children","_prefab","_lpos","_lrot","_euler"],2,1,9,4,5,5,5],["cc.SkeletalAnimation",["node","__prefab","_clips","_sockets"],3,1,4,3,9],["cc.CompPrefabInfo",["fileId"],2],["cc.SkeletalAnimation.Socket",["path","target"],2,1],["cc.PrefabInfo",["fileId","instance","targetOverrides","nestedPrefabInstanceRoots","root","asset"],-1,1,1],["cc.SkinnedMeshRenderer",["_shadowCastingMode","_shadowReceivingMode","node","__prefab","_materials","bakeSettings","_skinningRoot","_mesh","_skeleton"],1,1,4,3,4,1,6,6],["cc.ModelBakeSettings",[],3]],[[10,0,1,2,3,4,5,5],[0,0,3,6,1,5,4,2,2],[6,0,1,2,3,4,5,6,2],[0,0,3,1,5,2,2],[0,0,6,1,5,4,2,2],[0,0,3,1,5,4,2,2],[0,0,3,1,5,2],[0,0,3,1,5,4,8,2,2],[8,0,2],[2,0,1,2,3,4],[3,0,1,2,3],[4,0,1,2,3,4],[5,0,2],[0,0,6,7,1,4,8,2,2],[0,0,3,6,1,2],[0,0,3,6,1,4,2,2],[0,0,3,7,1,5,4,2,2],[1,0,1,2,3,4,5,2],[1,0,6,1,2,3,4,5,2],[7,0,1,2,3,1],[9,0,1,2],[11,0,1,2,3,4,5,6,7,8,3],[12,1]],[[[[9,"girl10",[{"rasterizerState":{},"depthStencilState":{},"blendState":{"targets":[{}]}},{"rasterizerState":{},"depthStencilState":{},"blendState":{"targets":[{}]}},{},{}],[{"USE_OUTLINE_PASS":true,"USE_INSTANCING":true},{"USE_INSTANCING":true,"USE_BASE_COLOR_MAP":true,"USE_1ST_SHADE_MAP":true,"USE_2ND_SHADE_MAP":true},{},{}],[[[{"lineWidth":4},"baseColor",8,[4,4285804697]],[{"baseStep":1.1,"baseFeather":0.01},"mainColor",8,[4,4293053927],"shadeColor1",8,[4,4293181408],"shadeColor2",8,[4,4293184489],"specular",8,[4,16777215],"mainTexture",6,0,"shadeMap1",6,1,"shadeMap2",6,2],{},{}],11,11,0,0]]],0,0,[0,0,0,0],[2,3,4,5],[0,0,0,1]],[[[10,".bin",589800784,[{"primitives":[{"primitiveMode":7,"jointMapIndex":0,"vertexBundelIndices":[0],"indexView":{"offset":371712,"length":37722,"count":18861,"stride":2}}],"vertexBundles":[{"view":{"offset":0,"length":371712,"count":4224,"stride":88},"attributes":[{"name":"a_position","format":32,"isNormalized":false},{"name":"a_normal","format":32,"isNormalized":false},{"name":"a_texCoord","format":21,"isNormalized":false},{"name":"a_tangent","format":44,"isNormalized":false},{"name":"a_joints","format":42,"isNormalized":false},{"name":"a_weights","format":44,"isNormalized":false},{"name":"a_color","format":44,"isNormalized":false}]}],"jointMaps":[[0,1,2,4,5,6,9,12,13,14,15,16,17,18,19,21,23,24,25,26,27,29,30,31,32,33,34,36,37,40,41,42,44,46,47,48,50,53,54,55,56,57,58,59,60,61]]},"minPosition",8,[1,-0.5563672780990601,-0.1760731041431427,-0.0006245422409847379],"maxPosition",8,[1,0.5563673377037048,0.41513359546661377,1.5415407419204712]]],-1],0,0,[],[],[]],[[[11,"Skin-0",839297003,["RootNode/Bip001/Bip001 Pelvis/Bip001 Spine/Bip001 R Thigh/Bip001 R Calf","RootNode/Bip001/Bip001 Pelvis/Bip001 Spine/Bip001 R Thigh/Bip001 R Calf/Bip001 R Foot","RootNode/Bip001/Bip001 Pelvis/Bip001 Spine/Bip001 L Thigh/Bip001 L Calf/Bip001 L Foot","RootNode/Bip001","RootNode/Bip001/Bip001 Pelvis","RootNode/Bip001/Bip001 Pelvis/Bip001 Spine/Bip001 R Thigh","RootNode/Bip001/Bip001 Pelvis/Bip001 Spine/Bip001 L Thigh","RootNode/Bip001/Bip001 Pelvis/Bip001 Spine/Bip001 R Thigh/Bip001 R Calf/Bip001 R Foot/Bip001 R Toe0","RootNode/Bip001/Bip001 Pelvis/Bip001 Spine/Bip001 R Thigh/Bip001 R Calf/Bip001 R Foot/Bip001 R Toe0/Bip001 R Toe0Nub","RootNode/Bip001/Bip001 Pelvis/Bip001 Spine/Bip001 L Thigh/Bip001 L Calf","RootNode/Bip001/Bip001 Pelvis/Bip001 Spine/Bip001 L Thigh/Bip001 L Calf/Bip001 L Foot/Bip001 L Toe0","RootNode/Bip001/Bip001 Pelvis/Bip001 Spine/Bip001 L Thigh/Bip001 L Calf/Bip001 L Foot/Bip001 L Toe0/Bip001 L Toe0Nub","RootNode/Bip001/Bip001 Pelvis/Bip001 Spine/Bip001 Spine1/Bip001 Spine2","RootNode/Bip001/Bip001 Pelvis/Bip001 Spine/Bip001 Spine1/Bip001 Spine2/Bip001 Neck/Bip001 Head","RootNode/Bip001/Bip001 Pelvis/Bip001 Spine/Bip001 Spine1/Bip001 Spine2/Bip001 Neck","RootNode/Bip001/Bip001 Pelvis/Bip001 Spine/Bip001 Spine1/Bip001 Spine2/Bip001 Neck/Bip001 R Clavicle","RootNode/Bip001/Bip001 Pelvis/Bip001 Spine/Bip001 Spine1/Bip001 Spine2/Bip001 Neck/Bip001 R Clavicle/Bip001 R UpperArm","RootNode/Bip001/Bip001 Pelvis/Bip001 Spine/Bip001 Spine1","RootNode/Bip001/Bip001 Pelvis/Bip001 Spine/Bip001 Spine1/Bone005","RootNode/Bip001/Bip001 Pelvis/Bip001 Spine/Bip001 Spine1/Bone001","RootNode/Bip001/Bip001 Pelvis/Bip001 Spine","RootNode/Bip001/Bip001 Pelvis/Bip001 Spine/Bip001 Spine1/Bone029","RootNode/Bip001/Bip001 Pelvis/Bip001 Spine/Bip001 Spine1/Bone029/Bone030","RootNode/Bip001/Bip001 Pelvis/Bip001 Spine/Bip001 Spine1/Bone026","RootNode/Bip001/Bip001 Pelvis/Bip001 Spine/Bip001 Spine1/Bone031","RootNode/Bip001/Bip001 Pelvis/Bip001 Spine/Bip001 Spine1/Bone001/Bone002","RootNode/Bip001/Bip001 Pelvis/Bip001 Spine/Bip001 Spine1/Bone031/Bone032","RootNode/Bip001/Bip001 Pelvis/Bip001 Spine/Bip001 Spine1/Bone001/Bone002/Bone003","RootNode/Bip001/Bip001 Pelvis/Bip001 Spine/Bip001 Spine1/Bone001/Bone002/Bone003/Bone004","RootNode/Bip001/Bip001 Pelvis/Bip001 Spine/Bip001 Spine1/Bone031/Bone032/Bone033","RootNode/Bip001/Bip001 Pelvis/Bip001 Spine/Bip001 Spine1/Bone005/Bone006/Bone007","RootNode/Bip001/Bip001 Pelvis/Bip001 Spine/Bip001 Spine1/Bone005/Bone006","RootNode/Bip001/Bip001 Pelvis/Bip001 Spine/Bip001 Spine1/Bip001 Spine2/Bip001 Neck/Bip001 L Clavicle","RootNode/Bip001/Bip001 Pelvis/Bip001 Spine/Bip001 Spine1/Bip001 Spine2/Bip001 Neck/Bip001 L Clavicle/Bip001 L UpperArm","RootNode/Bip001/Bip001 Pelvis/Bip001 Spine/Bip001 Spine1/Bone009","RootNode/Bip001/Bip001 Pelvis/Bip001 Spine/Bip001 Spine1/Bone026/Bone027","RootNode/Bip001/Bip001 Pelvis/Bip001 Spine/Bip001 Spine1/Bone009/Bone010","RootNode/Bip001/Bip001 Pelvis/Bip001 Spine/Bip001 Spine1/Bone009/Bone010/Bone011","RootNode/Bip001/Bip001 Pelvis/Bip001 Spine/Bip001 Spine1/Bone009/Bone010/Bone011/Bone012","RootNode/Bip001/Bip001 Pelvis/Bip001 Spine/Bip001 Spine1/Bone005/Bone006/Bone007/Bone008","RootNode/Bip001/Bip001 Pelvis/Bip001 Spine/Bip001 Spine1/Bip001 Spine2/Bip001 Neck/Bip001 R Clavicle/Bip001 R UpperArm/Bip001 R Forearm","RootNode/Bip001/Bip001 Pelvis/Bip001 Spine/Bip001 Spine1/Bip001 Spine2/Bip001 Neck/Bip001 R Clavicle/Bip001 R UpperArm/Bip001 R Forearm/Bip001 R Hand","RootNode/Bip001/Bip001 Pelvis/Bip001 Spine/Bip001 Spine1/Bip001 Spine2/Bip001 Neck/Bip001 R Clavicle/Bip001 R UpperArm/Bip001 R Forearm/Bip001 R Hand/Bip001 R Finger1","RootNode/Bip001/Bip001 Pelvis/Bip001 Spine/Bip001 Spine1/Bip001 Spine2/Bip001 Neck/Bip001 R Clavicle/Bip001 R UpperArm/Bip001 R Forearm/Bip001 R Hand/Bip001 R Finger1/Bip001 R Finger1Nub","RootNode/Bip001/Bip001 Pelvis/Bip001 Spine/Bip001 Spine1/Bip001 Spine2/Bip001 Neck/Bip001 R Clavicle/Bip001 R UpperArm/Bip001 R Forearm/Bip001 R Hand/Bip001 R Finger0","RootNode/Bip001/Bip001 Pelvis/Bip001 Spine/Bip001 Spine1/Bip001 Spine2/Bip001 Neck/Bip001 R Clavicle/Bip001 R UpperArm/Bip001 R Forearm/Bip001 R Hand/Bip001 R Finger0/Bip001 R Finger0Nub","RootNode/Bip001/Bip001 Pelvis/Bip001 Spine/Bip001 Spine1/Bip001 Spine2/Bip001 Neck/Bip001 L Clavicle/Bip001 L UpperArm/Bip001 L Forearm","RootNode/Bip001/Bip001 Pelvis/Bip001 Spine/Bip001 Spine1/Bip001 Spine2/Bip001 Neck/Bip001 L Clavicle/Bip001 L UpperArm/Bip001 L Forearm/Bip001 L Hand","RootNode/Bip001/Bip001 Pelvis/Bip001 Spine/Bip001 Spine1/Bip001 Spine2/Bip001 Neck/Bip001 L Clavicle/Bip001 L UpperArm/Bip001 L Forearm/Bip001 L Hand/Bip001 L Finger1","RootNode/Bip001/Bip001 Pelvis/Bip001 Spine/Bip001 Spine1/Bip001 Spine2/Bip001 Neck/Bip001 L Clavicle/Bip001 L UpperArm/Bip001 L Forearm/Bip001 L Hand/Bip001 L Finger1/Bip001 L Finger1Nub","RootNode/Bip001/Bip001 Pelvis/Bip001 Spine/Bip001 Spine1/Bip001 Spine2/Bip001 Neck/Bip001 L Clavicle/Bip001 L UpperArm/Bip001 L Forearm/Bip001 L Hand/Bip001 L Finger0","RootNode/Bip001/Bip001 Pelvis/Bip001 Spine/Bip001 Spine1/Bip001 Spine2/Bip001 Neck/Bip001 L Clavicle/Bip001 L UpperArm/Bip001 L Forearm/Bip001 L Hand/Bip001 L Finger0/Bip001 L Finger0Nub","RootNode/Bip001/Bip001 Pelvis/Bip001 Spine/Bip001 Spine1/Bip001 Spine2/Bip001 Neck/Bip001 Head/Bip001 HeadNub","RootNode/Bip001/Bip001 Pelvis/Bip001 Spine/Bip001 Spine1/Bip001 Spine2/Bip001 Neck/Bip001 Head/Bone017","RootNode/Bip001/Bip001 Pelvis/Bip001 Spine/Bip001 Spine1/Bip001 Spine2/Bip001 Neck/Bip001 Head/Bone017/Bone018","RootNode/Bip001/Bip001 Pelvis/Bip001 Spine/Bip001 Spine1/Bip001 Spine2/Bip001 Neck/Bip001 Head/Bone017/Bone018/Bone019","RootNode/Bip001/Bip001 Pelvis/Bip001 Spine/Bip001 Spine1/Bip001 Spine2/Bip001 Neck/Bip001 Head/Bone017/Bone018/Bone019/Bone020","RootNode/Bip001/Bip001 Pelvis/Bip001 Spine/Bip001 Spine1/Bip001 Spine2/Bip001 Neck/Bip001 Head/Bone017/Bone018/Bone019/Bone020/Bone021","RootNode/Bip001/Bip001 Pelvis/Bip001 Spine/Bip001 Spine1/Bip001 Spine2/Bip001 Neck/Bip001 Head/Bone017/Bone018/Bone019/Bone020/Bone021/Bone022","RootNode/Bip001/Bip001 Pelvis/Bip001 Spine/Bip001 Spine1/Bip001 Spine2/Bip001 Neck/Bip001 Head/Bone017/Bone018/Bone019/Bone020/Bone021/Bone022/Bone023","RootNode/Bip001/Bip001 Pelvis/Bip001 Spine/Bip001 Spine1/Bip001 Spine2/Bip001 Neck/Bip001 Head/Bone017/Bone018/Bone019/Bone020/Bone021/Bone022/Bone023/Bone024","RootNode/Bip001/Bip001 Pelvis/Bip001 Spine/Bip001 Spine1/Bip001 Spine2/Bip001 Neck/Bip001 Head/Bone017/Bone018/Bone019/Bone020/Bone021/Bone022/Bone023/Bone024/Bone025"],[[[7,0.0009159569744952023,0.008760846219956875,-0.9999611377716064,0,0.14398561418056488,-0.9895429611206055,-0.008537680841982365,0,-0.9895793199539185,-0.1439722180366516,-0.0021678146440535784,0,0.4083594083786011,0.08088044822216034,-0.08218254148960114,1],[7,1.351025531448613e-7,0.0000013709068298339844,-1,0,-4.371139183945161e-8,-1.0000001192092896,-0.000001370906602460309,0,-1,4.3711580133276584e-8,-1.3510249630144244e-7,0,0.1595533937215805,0.05778621882200241,-0.08302491158246994,1],[7,4.371138828673793e-8,0.000001370906602460309,-1,0,-4.371138828673793e-8,-1,-0.000001370906602460309,0,-1,4.371145223558415e-8,-4.371132789060539e-8,0,0.15949325263500214,0.05694304406642914,0.0830259844660759,1],[7,0.000001370906943520822,1,-2.8388465398927526e-16,0,-1,0.000001370906943520822,4.371138828673793e-8,0,4.371139183945161e-8,-5.964036231022318e-14,1,0,0.025026867166161537,-3.4309508123442356e-8,-0.6130082607269287,1],[7,0.0000013871200508219772,0.0000027577068522077752,1,0,4.371138828673793e-8,-1,0.0000027577068522077752,0,1,4.370756201410586e-8,-0.0000013871202781956526,0,-0.6130082607269287,0.025026867166161537,7.81299377194955e-7,1],[7,0.0023615164682269096,0.00848616287112236,-0.9999611377716064,0,-0.02274351567029953,-0.999704897403717,-0.008537698537111282,0,-0.9997385144233704,0.02276279591023922,-0.0021678144112229347,0,0.6136148571968079,0.01177611667662859,-0.08218254148960114,1],[7,-0.0023588663898408413,-0.00847914069890976,-0.9999613165855408,0,-0.02460230514407158,-0.999660849571228,0.008534629829227924,0,-0.9996944069862366,0.02462148666381836,0.0021494603715837,0,0.6136342287063599,0.01063526514917612,0.08219388127326965,1],[7,0.0000017415271713616676,0.000001025891265271639,-1,0,-0.7071070075035095,-0.7071065902709961,-0.0000019568606148823164,0,-0.7071065902709961,0.7071070075035095,-5.060306307314022e-7,0,-0.029118189588189125,-0.03492416441440582,-0.08302495628595352,1],[7,0.0000017415271713616676,0.000001025891265271639,-1,0,-0.7071070075035095,-0.7071065902709961,-0.0000019568606148823164,0,-0.7071065902709961,0.7071070075035095,-5.060306307314022e-7,0,-0.0998242199420929,-0.03492417186498642,-0.08302495628595352,1],[7,-0.0009145106887444854,-0.008753495290875435,-0.9999613165855408,0,0.14214541018009186,-0.9898089170455933,0.008534626103937626,0,-0.989845335483551,-0.14213211834430695,0.0021494603715837,0,0.4085683822631836,0.07975872606039047,0.08219388127326965,1],[7,0.0000017415275124221807,0.0000010258911515848013,-1,0,-0.7071068286895752,-0.7071067094802856,-0.0000019568606148823164,0,-0.7071067094802856,0.7071068286895752,-5.060310286353342e-7,0,-0.02975703962147236,-0.03547782823443413,0.0830259621143341,1],[7,0.0000017415275124221807,0.0000010258911515848013,1,0,-0.7071068286895752,-0.7071067094802856,0.0000019568606148823164,0,-0.7071067094802856,0.7071068286895752,5.060310286353342e-7,0,-0.10046306252479553,-0.035477831959724426,-0.0830259621143341,1],[7,1.434498528851691e-7,-0.000003591685526771471,1,0,0.13838469982147217,-0.9903786182403564,-0.000003576979679564829,0,0.9903785586357117,0.13838469982147217,3.549646692135866e-7,0,-0.891865611076355,-0.0985063686966896,-2.1291164387093886e-7,1],[7,9.399356599715247e-7,-0.000006914902314747451,1,0,-0.15643310546875,-0.9876884818077087,-0.00000668273287374177,0,0.987688422203064,-0.1564331203699112,-0.000002010083562709042,0,-1.122799277305603,0.2740156948566437,0.0000028359845600789413,1],[7,-1.6777006450752197e-8,-0.000004033381173940143,1,0,-0.13996121287345886,-0.9901570081710815,-0.000003996028681285679,0,0.990156888961792,-0.13996121287345886,-5.479050173562428e-7,0,-1.0547834634780884,0.19200842082500458,7.504364134547359e-7,1],[7,-0.9810603857040405,-0.08715490251779556,0.17298732697963715,0,-0.10916270315647125,0.9864999055862427,-0.12207198143005371,0,-0.16001279652118683,-0.1386437565088272,-0.9773299098014832,0,0.12213309854269028,0.09565930813550949,1.019999623298645,1],[7,-0.9534893035888672,-0.0269180815666914,0.3002227246761322,0,0.002764238975942135,0.9951817989349365,0.09800742566585541,0,-0.3014144003391266,0.09427891671657562,-0.9488207697868347,0,0.2060408890247345,-0.13589034974575043,0.9962926506996155,1],[7,-1.1863690474456234e-7,-0.0000024505206965841353,1,0,0.13838469982147217,-0.9903786182403564,-0.0000024105256670736708,0,0.9903785586357117,0.13838469982147217,4.566100244574045e-7,0,-0.7823683023452759,-0.09860803186893463,-3.344117658343748e-7,1],[7,-2.423581122457108e-7,1,-1.0091616786667146e-7,0,-0.28226250410079956,-1.652212944236453e-7,-0.959337055683136,0,-0.959337055683136,-2.0401833467076358e-7,0.28226253390312195,0,0.785773754119873,1.2849613995058462e-7,-0.32135260105133057,1],[7,-0.5986042022705078,0.03486054763197899,-0.8002859950065613,0,-0.020880263298749924,-0.9993919134140015,-0.027915457263588905,0,-0.8007727861404419,-1.2581581643189566e-7,0.5989682674407959,0,0.6418518424034119,0.028404083102941513,-0.5695215463638306,1],[7,4.68278860132898e-10,-0.00000192242282537336,1,0,-0.0007962146191857755,-0.9999997019767761,-0.000001922421915878658,0,0.9999995827674866,-0.0007962146191857755,-1.998939902492225e-9,0,-0.698578953742981,0.011149987578392029,2.1823058915515503e-8,1],[7,-0.9998444318771362,-0.010537690483033657,0.014143584296107292,0,0.010536657646298409,-0.999944269657135,-0.00014775851741433144,0,0.014144358225166798,0.0000012905784387839958,0.9998998641967773,0,-0.01320872362703085,0.08694326877593994,-0.8689845204353333,1],[7,-0.9998444318771362,-0.010537518188357353,0.014143584296107292,0,0.010536480695009232,-0.9999445080757141,-0.00014775853196624666,0,0.014144357293844223,0.0000012880868780484889,0.9998998641967773,0,-0.08278551697731018,0.08694328367710114,-0.8689843416213989,1],[7,0.9998444318771362,-0.010537445545196533,-0.014143659733235836,0,0.01053638756275177,0.9999445080757141,-0.00014920640387572348,0,0.01414444763213396,1.6009789760573767e-7,0.9998998045921326,0,-0.013208921067416668,-0.08694455027580261,-0.8689843416213989,1],[7,1.4899115718947087e-8,-1,-7.279268032789332e-8,0,0.8099862337112427,-3.0621116309248464e-8,0.5864489674568176,0,-0.5864489674568176,-6.769863603039994e-8,0.8099861741065979,0,0.45671871304512024,1.373737461562996e-7,-0.7255955338478088,1],[7,-0.4832887649536133,-0.07392002642154694,-0.872334897518158,0,0.03582281619310379,-0.9972640872001648,0.06465987116098404,0,-0.8747275471687317,-1.0472124500893187e-7,0.4846148192882538,0,0.5814862847328186,0.011869735084474087,-0.4968827962875366,1],[7,-1.3840737267400982e-7,-1,-1.0828224361603134e-7,0,0.6498133540153503,-1.7224358828116237e-7,0.7600940465927124,0,-0.7600940465927124,3.4839356288784984e-8,0.6498133540153503,0,0.4724985659122467,8.15954095401139e-8,-0.6324018239974976,1],[7,-0.4910911023616791,-0.2147398740053177,-0.8442254662513733,0,0.10797575116157532,-0.9766713380813599,0.18561911582946777,0,-0.8643903732299805,2.8721821365707e-8,0.5028213858604431,0,0.4044019877910614,-0.02143137902021408,-0.5048630237579346,1],[7,-0.49109113216400146,-0.2147398591041565,-0.8442255258560181,0,0.10797575861215591,-0.9766712188720703,0.18561914563179016,0,-0.86439049243927,2.7790497014734683e-8,0.5028213858604431,0,0.33504337072372437,-0.02143137715756893,-0.5048631429672241,1],[7,-3.246653434985092e-8,-1,-2.026198870908047e-7,0,0.5158432126045227,-1.9032867726309632e-7,0.8566827774047852,0,-0.8566827178001404,-7.670659840641747e-8,0.5158432126045227,0,0.41641998291015625,1.845346702111783e-7,-0.5716578364372253,1],[7,-1.896110006782692e-7,1,-1.1952300837947405e-7,0,-0.18958769738674164,-1.5330324742990342e-7,-0.9818637371063232,0,-0.9818636775016785,-1.635120980836291e-7,0.18958772718906403,0,0.5383620858192444,9.484835317152829e-8,-0.2676596939563751,1],[7,-1.9764785008646868e-7,1,-1.0570426667300126e-7,0,-0.259088933467865,-1.5330326164075814e-7,-0.9658531546592712,0,-0.9658530950546265,-1.635120980836291e-7,0.2590889632701874,0,0.6684421896934509,9.484835317152829e-8,-0.30535125732421875,1],[7,0.9810601472854614,0.0871565192937851,0.17298756539821625,0,-0.10916432738304138,0.9864996671676636,0.12207168340682983,0,-0.1600128710269928,-0.1386437565088272,0.9773299098014832,0,0.12213323265314102,0.09565930813550949,-1.019999623298645,1],[7,0.9534894227981567,0.02691529504954815,0.3002226650714874,0,0.0027668827679008245,0.9951818585395813,-0.09800660610198975,0,-0.3014141023159027,0.09427893161773682,0.9488207697868347,0,0.20604047179222107,-0.1358899027109146,-0.9962927103042603,1],[7,0.5986039042472839,0.034860219806432724,0.8002859950065613,0,-0.02088025026023388,0.9993917346000671,-0.02791506052017212,0,-0.8007726669311523,-1.0748033218987985e-7,0.5989679098129272,0,0.6418517827987671,-0.02840384468436241,-0.569521427154541,1],[7,0.9998444318771362,-0.010537445545196533,-0.014143659733235836,0,0.01053638756275177,0.9999445080757141,-0.00014920640387572348,0,0.01414444763213396,1.601015640062542e-7,0.9998998045921326,0,-0.08278577029705048,-0.08694454282522202,-0.8689843416213989,1],[7,0.48329928517341614,-0.07391665875911713,0.8723292350769043,0,0.035821713507175446,0.9972640872001648,0.06465664505958557,0,-0.8747219443321228,-1.8142739577342581e-7,0.48462504148483276,0,0.5814814567565918,-0.011870223097503185,-0.49688780307769775,1],[7,0.49109163880348206,-0.21473681926727295,0.8442257642745972,0,0.10797420889139175,0.976671576499939,0.18561655282974243,0,-0.8643903136253357,-1.2092269230379316e-7,0.5028215050697327,0,0.4044014513492584,0.021430741995573044,-0.5048632025718689,1],[7,0.49109166860580444,-0.21473681926727295,0.8442257642745972,0,0.10797420144081116,0.976671576499939,0.18561656773090363,0,-0.8643903732299805,-1.4699969597131712e-7,0.5028215050697327,0,0.3350432813167572,0.021430760622024536,-0.5048632025718689,1],[7,-1.896110006782692e-7,1,-1.1952300837947405e-7,0,-0.18958769738674164,-1.5330324742990342e-7,-0.9818637371063232,0,-0.9818636775016785,-1.635120980836291e-7,0.18958772718906403,0,0.4574778378009796,9.574966952641262e-8,-0.26765966415405273,1],[7,-0.9534366130828857,-0.028720984235405922,0.3002227246761322,0,0.0008824478136375546,0.9951853156089783,0.09800741821527481,0,-0.301592081785202,0.09370879828929901,-0.9488207697868347,0,0.043019652366638184,-0.13580924272537231,0.9962926506996155,1],[7,-0.9238345623016357,0.3646232485771179,-0.11653096973896027,0,0.05878566578030586,-0.1656724363565445,-0.9844271540641785,0,-0.37825098633766174,-0.9162982702255249,0.13161931931972504,0,-0.06093069911003113,1.0046769380569458,-0.13448697328567505,1],[7,-0.5630311369895935,0.8218596577644348,-0.08684597164392471,0,-0.11742967367172241,-0.18357791006565094,-0.9759656190872192,0,-0.8180498480796814,-0.5393009781837463,0.19987085461616516,0,0.4246658682823181,0.9169219136238098,-0.17902369797229767,1],[7,-0.5630311369895935,0.8218596577644348,0.08684597164392471,0,-0.11742967367172241,-0.18357791006565094,0.9759656190872192,0,-0.8180498480796814,-0.5393009781837463,-0.19987085461616516,0,0.38931772112846375,0.9169219136238098,0.17902369797229767,1],[7,-0.4999086558818817,0.39228036999702454,0.7721443176269531,0,-0.37992462515830994,0.7018527984619141,-0.6025440096855164,0,-0.7782980799674988,-0.5945736765861511,-0.20182543992996216,0,0.45085039734840393,0.7039973139762878,0.540302038192749,1],[7,-0.4999086558818817,0.39228036999702454,-0.7721443176269531,0,-0.37992462515830994,0.7018527984619141,0.6025440096855164,0,-0.7782980799674988,-0.5945736765861511,0.20182543992996216,0,0.41543638706207275,0.7039974331855774,-0.540302038192749,1],[7,0.9534367322921753,0.028718195855617523,0.30022260546684265,0,0.0008850917802192271,0.9951854348182678,-0.09800660610198975,0,-0.30159178376197815,0.093708835542202,0.9488207697868347,0,0.043019190430641174,-0.1358088105916977,-0.9962927103042603,1],[7,0.9238345623016357,-0.36462244391441345,-0.11653370410203934,0,0.0587882399559021,-0.16567349433898926,0.9844268560409546,0,-0.37825071811676025,-0.9162982702255249,-0.1316194385290146,0,-0.06093112379312515,1.0046768188476562,0.1344875693321228,1],[7,0.6324540376663208,-0.770343005657196,-0.08107294142246246,0,-0.10243120044469833,-0.18692044913768768,0.9770200848579407,0,-0.7677950263023376,-0.6096159219741821,-0.1971258670091629,0,0.3431103825569153,0.9514760375022888,0.17350783944129944,1],[7,0.6324540376663208,-0.770343005657196,-0.08107294142246246,0,-0.10243120044469833,-0.18692044913768768,0.9770200848579407,0,-0.7677950263023376,-0.6096159219741821,-0.1971258670091629,0,0.3077622652053833,0.9514760375022888,0.17350783944129944,1],[7,0.4999099373817444,-0.3922821581363678,0.7721425294876099,0,-0.3799231946468353,0.7018517255783081,0.6025460958480835,0,-0.7782979607582092,-0.5945737957954407,0.20182567834854126,0,0.4491944909095764,0.7044155597686768,-0.5401408672332764,1],[7,0.4999099373817444,-0.3922821581363678,0.7721425294876099,0,-0.3799231946468353,0.7018517255783081,0.6025460958480835,0,-0.7782979607582092,-0.5945737957954407,0.20182567834854126,0,0.41378048062324524,0.7044155597686768,-0.5401408672332764,1],[7,9.399356599715247e-7,-0.000006914902314747451,1,0,-0.15643310546875,-0.9876884818077087,-0.00000668273287374177,0,0.987688422203064,-0.1564331203699112,-0.000002010083562709042,0,-1.5060533285140991,0.2740156948566437,0.0000028359845600789413,1],[7,-1.6267718194740155e-7,-7.49536397393058e-8,-1,0,0.9985101819038391,-0.054562605917453766,-1.5834520183943823e-7,0,-0.054562605917453766,-0.9985101819038391,8.371809201435099e-8,0,-0.15561069548130035,1.4564805030822754,2.9930919964726854e-8,1],[7,4.969876066240886e-9,-4.7273655212620724e-8,-1,0,0.45006921887397766,-0.892993688583374,4.445186263524192e-8,0,-0.892993688583374,-0.45006921887397766,1.6838347605130366e-8,0,1.149863600730896,0.9223159551620483,7.051897910059779e-8,1],[7,-2.6607269276723855e-8,-3.938877668474561e-8,-1,0,-0.22991640865802765,-0.9732099175453186,4.445103840566844e-8,0,-0.9732099175453186,0.22991640865802765,1.6838347605130366e-8,0,1.390219807624817,0.03650892153382301,7.381859745692054e-8,1],[7,-2.6928510976631514e-8,-3.916988333685367e-8,-1,0,-0.23786775767803192,-0.9712972640991211,4.445105261652316e-8,0,-0.9712972640991211,0.23786775767803192,1.6838347605130366e-8,0,1.2668472528457642,0.02614942565560341,6.711393041314295e-8,1],[7,2.378261676483362e-8,-8.57524184993963e-8,-1,0,0.7745962142944336,-0.6324557065963745,7.265656165600376e-8,0,-0.6324557065963745,-0.7745962142944336,5.1382066601490806e-8,0,0.4874107539653778,1.0840243101119995,1.4515897817091172e-8,1],[7,8.006507101754323e-8,-6.307821109885481e-8,-1,0,0.9866042137145996,0.16312982141971588,6.870265423231103e-8,0,0.16312982141971588,-0.9866042137145996,7.529428813768391e-8,0,-0.5274115800857544,1.0412046909332275,-1.2489433487417045e-8,1],[7,1.8369223653280642e-7,1.2091000201053248e-7,-1,0,0.3939201533794403,0.9191442131996155,1.834939524769652e-7,0,0.9191442131996155,-0.3939201533794403,1.2121086001570802e-7,0,-1.188339114189148,0.07416374236345291,-1.1096391716591825e-7,1],[7,1.2884892264253267e-8,8.521021044316512e-8,-1,0,-0.7415347695350647,0.6709135174751282,4.761414018616961e-8,0,0.6709135174751282,0.7415347695350647,7.183106731645239e-8,0,-0.46738681197166443,-1.133595585823059,-1.2429728357687964e-9,1],[7,1.2884892264253267e-8,8.521021044316512e-8,-1,0,-0.7415347695350647,0.6709135174751282,4.761413308074225e-8,0,0.6709135174751282,0.7415347695350647,7.183106731645239e-8,0,-0.5004674196243286,-1.1335958242416382,-1.2429706153227471e-9,1]],8,8,8,8,8,8,8,8,8,8,8,8,8,8,8,8,8,8,8,8,8,8,8,8,8,8,8,8,8,8,8,8,8,8,8,8,8,8,8,8,8,8,8,8,8,8,8,8,8,8,8,8,8,8,8,8,8,8,8,8,8,8]]],0,0,[],[],[]],[[[12,"girl1"],[13,"girl1",[-4,-5],[[19,-3,[8,"dbPkeQ5j5TpoOciw+UQwcB"],[3,4,5,6,7,8,9,10,11,12,13,14,15,16],[[20,"RootNode/Bip001/brick",-2]]]],[0,"306I7qsDlNeKJjlVUCAjWD",null,null,null,-1,0],[3,0,1,0,6.123233995736766e-17],[1,0.3,0.3,0.3],[1,0,180,0]],[4,"Bip001 Spine1",[-6,-7,-8,-9,-10,-11,-12],[0,"b3k2vEJlBG/I+E/Ykos4/m",null,null,null,1,0],[1,0.0899122580885887,-0.0000871813244884834,-2.21729280269756e-7],[3,0.0012880745176820092,-0.002773482549357939,0.005775038078039554,0.9999786485689496],[1,0.14944485016402237,-0.31868618692303075,0.6613618006680922]],[17,"Bip001",[[[5,"Bip001 Footsteps",-13,[0,"5a2aKwOtBLHI4IZzn21dRe",null,null,null,1,0],[1,-0.065981350839138,-0.0387280881404877,-0.57330983877182],[3,0.03266228393638018,0.05767779479034726,0.8635404787220541,0.49990427964228057],[1,-172.27386658508956,179.85547244276142,60.128309043713166]],-14,[5,"brick",-15,[0,"36/mLDGcxHnqo04sbj/V3/",null,null,null,1,0],[1,0.25867834687233,0.0595147199928761,0.293884038925171],[3,0.6819565841600904,0.12475051638274381,0.02665206211394197,0.7201820558497795],[1,85.98667261938738,8.427464896258945,12.036662454058634]]],4,1,4],[0,"fbLHsZjnRIeYvB4XjKFFsv",null,null,null,1,0],[1,0,0.656744301319122,0],[3,0.37658143810506606,0.6513996852985484,0.5698309656806843,-0.33038998323056246],[1,-86.13544004425476,-120.0880642151373,6.550400740554067]],[4,"Bip001 Spine",[2,-16,-17],[0,"59TA9kFaZCqaPfpTWPsGV/",null,null,null,1,0],[1,0.0855899006128311,0.0144339418038726,-0.00000172138209109107],[3,0.014328722157439093,-0.02146198637485674,0.07391412683442983,0.9969306759832822],[1,1.8389162419470884,-2.602238597641371,8.439179804086507]],[4,"Bip001 Neck",[-18,-19,-20],[0,"71in73hXNOU61CNOIbRwn+",null,null,null,1,0],[1,0.174976646900177,0.00766197172924876,-0.0000141507380249095],[3,0.16479254064695706,-0.036837224578411924,0.07198673615913635,0.9830078063014736],[1,19.395050706202653,-5.56433373689479,7.434115802828583]],[14,"RootNode",1,[3,-21],[0,"2cOSOmG0dGqpwXoy9bHCC5",null,null,null,1,0]],[18,"Bip001 Head",5,[[[6,"Bip001 HeadNub",-22,[0,"6cc/WCwUhGMbzk3iysnklL",null,null,null,1,0],[1,0.383253991603851,4.76837147544984e-9,4.44089199923895e-18]],-23],4,1],[0,"33zNKW/exBRo5wCarsomTb",null,null,null,1,0],[1,0.0724238604307175,-0.0632687583565712,-1.43051138934425e-7],[3,-0.008398466932351282,0.02849007275679712,-0.09267638832078454,0.9952531680709755],[1,-0.6667807938453614,3.2171990145949283,-10.65830382501491]],[4,"Bip001 R Hand",[-24,-25],[0,"0a/9r+ztlCTLP2NkXPpC5y",null,null,null,1,0],[1,0.184906542301178,-4.76837147544984e-9,0],[3,0.7248593415147664,-0.03618607965891251,0.04857510225324332,0.6862287971943359],[1,93.18538491934692,-6.897655441313803,0.814064753128979]],[4,"Bip001 L Hand",[-26,-27],[0,"aa0RH01mBJ2pGvpBGxvTy3",null,null,null,1,0],[1,0.184906497597694,-9.53674295089968e-9,0],[3,-0.7822812760854854,0.006193672744956735,0.08770864417892306,0.6166886063811202],[1,-103.91503494210006,8.37043430254079,5.652078042260626]],[15,"Bip001 Pelvis",3,[4],[0,"38JKKXTBZCNKy5e4unpFDy",null,null,null,1,0],[3,-0.4999999925491744,-0.4999999925491744,-0.4999993070957696,0.5000007078049007],[1,-89.9999197452773,-89.9999197452773,-0.0000017074910412130916]],[1,"Bip001 Spine2",2,[5],[0,"04bLB2BXRFhIT61ur4Aeja",null,null,null,1,0],[1,0.109499432146549,-0.000101637837360613,-5.10215727445029e-7],[3,0.0025760366338258857,-0.005546856719490153,0.011549837987064335,0.9999145951821421],[1,0.30259011917631917,-0.6391614459543445,1.321880784046484]],[1,"Bone017",7,[-28],[0,"17+V2UJdtEGbv9zc4dKRNC",null,null,null,1,0],[1,0.26848304271698,-0.184115514159203,-0.00000152587881530053],[3,-0.6280117705843562,0.7772994134129139,-0.029173234825504928,0.02357456861234805],[1,4.29729640880343,179.9981654208252,-77.8723200545972]],[1,"Bone018",12,[-29],[0,"77TUngzNlGcZu0Ra4BzAWG",null,null,null,1,0],[1,0.071362130343914,4.57763661643185e-7,9.53674295089968e-9],[3,0.0005583636318500367,-0.0009646011320340344,0.49462429474239805,0.869106187312745],[1,0.21594486346959887,-0.2500801913196338,59.28975775128462]],[1,"Bone019",13,[-30],[0,"1fqNK17bhMmZeKSCp8JP43",null,null,null,1,0],[1,0.109008483588696,0,2.8610228852699e-8],[3,0.000020630666577153626,-0.000056958556725643795,0.3354248671525009,0.9420669587804392],[1,0.005698788222570367,-0.00895741538762837,39.196751650815266]],[1,"Bone020",14,[-31],[0,"65oPZR0jhOi4TwnbTx86zC",null,null,null,1,0],[1,0.123628690838814,0,0],[3,-0.000008085078435716573,0.0019679034044454455,-0.006550777054780467,0.9999766070317849],[1,0.0005508209649442623,0.22551371175024196,-0.7506694941505564]],[1,"Bone021",15,[-32],[0,"beQaEDdzpJcYRr/C1vSUyv",null,null,null,1,0],[1,0.0785739868879318,3.81469718035987e-8,-9.53674295089968e-9],[3,0.0027144362788806722,0.004299697482742387,-0.5400314947884718,0.8416294487919096],[1,1.2665243139450053,1.398001919898178,-65.36607602741704]],[1,"Bone022",16,[-33],[0,"2boW0EqoZPkbD8cj/gCjjx",null,null,null,1,0],[1,0.0547937005758286,-0.00000213623047784495,1.90734859017994e-8],[3,0.002864555973610157,0.006341190658589667,-0.4043138696921095,0.9145938324713858],[1,0.8825059301485716,1.1845680572600767,-47.69136128882813]],[1,"Bone023",17,[-34],[0,"61W80cjZJMLrhmcMm2p6WO",null,null,null,1,0],[1,0.050120010972023,0,-1.90734859017994e-8],[3,0.0046986386948563545,0.008580188067156495,-0.4571416867629288,0.8893400819656627],[1,1.5946290146040127,1.9249651337002212,-54.39286072254771]],[2,"Bone024",18,[[3,"Bone025",-35,[0,"3cmxCyFixIzoiUbHes1jY1",null,null,null,1,0],[1,0.0330806709825993,2.28881830821592e-7,1.77635679969558e-17],[1,2.1344341474345358e-7,-2.1344341474345358e-7,0.0000017075472921056235]]],[0,"40bH0DhDlExoHPWd62qZfG",null,null,null,1,0],[1,0.0355846397578716,1.90734859017994e-8,9.53674295089968e-9],[3,0.0005857219043559909,0.000820052435914593,-0.5758995835292939,0.8175198188023571],[1,0.32371428099545696,0.34298507673768736,-70.3250246696969]],[1,"Bip001 R Clavicle",5,[-36],[0,"6cQ25ZiP5O+KUmLsB75ctb",null,null,null,1,0],[1,-0.0460272207856178,-0.0153762241825461,-0.0413057431578636],[3,-0.6355361861707732,0.14401328389731088,0.7579146532060063,-0.030320101982675682],[1,-169.35820550478712,101.27660773368497,-13.238876056779763]],[1,"Bip001 R UpperArm",20,[-37],[0,"5euXEyHQFNIJcZh6luVgRd",null,null,null,1,0],[1,0.0591400675475597,-1.77635679969558e-17,0],[3,-0.047559726516571525,-0.5249794670083437,0.10300869393586874,0.8435187257002246],[1,1.6415138523968287,-63.979650172830254,12.927343758043435]],[1,"Bip001 R Forearm",21,[8],[0,"504e0gV/JJ55GPlAS7hj4D",null,null,null,1,0],[1,0.163278117775917,0,0],[3,-8.375918427426615e-17,5.106956878788701e-18,-0.18419374616320844,0.9828899551192717],[1,-1.0004962315948413e-14,-1.2795301569887987e-15,-21.228259361429902]],[2,"Bip001 R Finger0",8,[[7,"Bip001 R Finger0Nub",-38,[0,"64qCZN3h9OVroOgy0tCa6N",null,null,null,1,0],[1,0.0354139693081379,0,1.90734859017994e-8],[3,0,0,1,-6.12323426292584e-17],[1,-1,-1,-1],[1,180,180,-7.016709604711002e-15]]],[0,"5aZi7a/+BP/J5C/iP8imG/",null,null,null,1,0],[1,0.0392572768032551,0.0286014173179865,0.0329771377146244],[3,-0.5411930097860181,-0.3171242185474199,0.006131208517199583,0.7787841578072567],[1,-63.72977602792553,-31.38553516143037,20.658708108640806]],[2,"Bip001 R Finger1",8,[[7,"Bip001 R Finger1Nub",-39,[0,"49V9ZjKalDOLe78HQQ3Euh",null,null,null,1,0],[1,0.0353481285274029,1.90734859017994e-8,-8.88178399847791e-18],[3,-1.86264537127556e-9,2.79396794589104e-9,1,-5.60281655838831e-17],[1,-1,-1,-1],[1,-179.99999967983484,179.99999978655657,-7.016708964892575e-15]]],[0,"daTjzC6NZLQ7Aafdv/5q3O",null,null,null,1,0],[1,0.0993016064167023,0,4.76837147544984e-9],[3,-0.016747143153751004,0.06913898899359908,0.2396292840364341,0.9682546873779216],[1,-4.239030794423787,9.20631459012412,27.498706874775895]],[1,"Bip001 L Clavicle",5,[-40],[0,"822Ee5+d1KD5ph2N2tDH84",null,null,null,1,0],[1,-0.0367412567138672,0.0154016679152846,0.0497664920985699],[3,0.6884938621692706,0.0078112340294517815,0.7170328647046297,0.10853136556613671],[1,171.94063400160334,-91.65010219213359,9.578403612412995]],[1,"Bip001 L UpperArm",25,[-41],[0,"barae4wtRDVJNH+sF1IFCv",null,null,null,1,0],[1,0.0591400675475597,-9.53674295089968e-9,0],[3,0.06552987582474805,0.534413161890327,-0.0361439028918968,0.8419038104537344],[1,8.567678023340713,64.77270172951866,0.5260214424619314]],[1,"Bip001 L Forearm",26,[9],[0,"374hRr/Q9OiI/bZgBrFWt0",null,null,null,1,0],[1,0.163278043270111,0,0],[3,2.5233116529592386e-17,-1.8062524353757522e-17,-0.156969264571453,0.9876034882380162],[1,2.6619374413049594e-15,-1.672706185045547e-15,-18.062050082582477]],[2,"Bip001 L Finger0",9,[[6,"Bip001 L Finger0Nub",-42,[0,"d6XMykakBKRJrCVaSjWoev",null,null,null,1,0],[1,0.0354140065610409,0,1.77635679969558e-17]]],[0,"293NZK8nxEspFyUGeI8J2P",null,null,null,1,0],[1,0.0404040515422821,0.0294369496405125,-0.0339404679834843],[3,0.6005308628858934,0.24330660703944634,0.04500748590216973,0.760354459384071],[1,72.87271675498336,19.800198762516626,21.141320366967374]],[2,"Bip001 L Finger1",9,[[3,"Bip001 L Finger1Nub",-43,[0,"20AyEXzUBIf5WAodyxuYA9",null,null,null,1,0],[1,0.0353481285274029,-9.53674295089968e-9,-1.43051144263495e-8],[1,-0.0000021877949693148467,1.067217093595732e-7,8.537736442140511e-7]]],[0,"59vkxccMBPcZVJkjBLFvB4",null,null,null,1,0],[1,0.0993016064167023,3.81469718035987e-8,9.53674295089968e-9],[3,0.008574836703092763,-0.05715584632080464,0.21544962658279243,0.9748031287455959],[1,2.6099990999446248,-7.284540125933083,24.775365130613405]],[2,"Bone029",2,[[3,"Bone030",-44,[0,"19x6ELnZlE/JR8E6keeqcO",null,null,null,1,0],[1,0.0695768147706985,1.90734859017994e-8,-1.52587887214395e-7],[1,0.0000017075472471628124,5.536188615628701e-7,0.000009384840824627735]]],[0,"e8Bg4haYNJz6LivICbOTyg",null,null,null,1,0],[1,0.0903865769505501,-0.0644527152180672,-7.62939436071974e-8],[3,-0.05243721272417268,0.700127368625633,0.045699436571370516,0.7106219585124893],[1,-7.962323846236206,89.11377004281896,-0.4856109956752285]],[2,"Bone026",2,[[3,"Bone027",-45,[0,"bcXUE3tvRHlIjP6LQ+sGGz",null,null,null,1,0],[1,0.0695768520236015,-1.90734859017994e-8,7.62939436071974e-8],[1,1.9282112756372583e-14,-4.2688682312579694e-7,0.0000025880013652001486]]],[0,"3eQc5k2ERKR6dFAMSUm5mL",null,null,null,1,0],[1,0.0903865769505501,-0.0644527152180672,-7.62939436071974e-8],[3,0.7106217265821388,0.04569844233609623,0.7001274942273381,-0.052439545234709325],[1,-172.03756532704136,-89.11377974958776,-0.48588107078333737]],[1,"Bone009",2,[-46],[0,"b1ujay7shHBoUOu+m25Iy2",null,null,null,1,0],[1,0.068090133368969,-0.00591636169701815,0.0725552961230278],[3,0.2567904308471667,0.0720299784557955,0.9614560063965777,0.06687828192267165],[1,-173.937222513041,-150.59835935128675,9.531758557967704]],[1,"Bone010",32,[-47],[0,"a8qskHszNFO4/K34NnPB7k",null,null,null,1,0],[1,0.131887510418892,0.000103387828858104,-0.0000316238401865121],[3,-0.045622463354059964,0.06706885113860009,0.029999607572073653,0.9962531724365938],[1,-5.455006942952434,7.849365719618533,3.0756657036999884]],[2,"Bone011",33,[[3,"Bone012",-48,[0,"fc6h2+0r1J26JDNRq6yOyT",null,null,null,1,0],[1,0.0693582147359848,8.88178399847791e-18,-3.81469718035987e-8],[1,0.0000018142692002498618,-0.0000017075474943690176,-1.0672171373284217e-7]]],[0,"3dd/zWRqpFJIJgRuvx+74e",null,null,null,1,0],[1,0.166935503482819,1.57356254248953e-7,-1.52587887214395e-7],[3,-0.06169610007435636,-0.014931496013556473,0.032426181704632906,0.99745635714174],[1,-7.029544640598093,-1.4808683207145843,3.8146962531277864]],[1,"Bone005",2,[-49],[0,"53VnWbjudKL5h5jAThAWrR",null,null,null,1,0],[1,0.0420648939907551,0.103920511901379,3.13520416739266e-7],[3,0.11388973882344282,0.6978739494291435,0.6978754395452613,0.11389007409956954],[1,-90.00012107140071,179.99999223199154,18.537395449720208]],[1,"Bone006",35,[-50],[0,"b08HoKe8tDYJiRwvgYjnFv",null,null,null,1,0],[1,0.124875105917454,5.96046412226769e-9,0],[3,0.000014358494450155634,0.009105344075310948,0.00119234746600695,0.9999578345163482],[1,0.00040120396017198433,1.0434102545395716,0.13664230495212687]],[2,"Bone007",36,[[6,"Bone008",-51,[0,"58UDNlZ/FEtKZQa4XlG4Ut",null,null,null,1,0],[1,0.0808843225240707,-8.34465030408182e-9,0]]],[0,"3e/GDwps5O97SHMAWcKDQk",null,null,null,1,0],[1,0.150527343153954,7.15255721317476e-9,7.62939436071974e-8],[3,0.00011659002640976051,0.025114966893454094,0.003267952284857001,0.9996792212167712],[1,0.003950985252473144,2.878268321512913,0.37469783462318984]],[1,"Bone001",2,[-52],[0,"23DzYk0vpBzKiayGdKmA1s",null,null,null,1,0],[1,0.0680899024009705,-0.00591601338237524,-0.0725550651550293],[3,0.018855508844582276,0.9626174191429755,0.05783363190344561,0.2639459133413235],[1,-5.832282866902071,149.52843739509936,3.8320009536332225]],[1,"Bone002",38,[-53],[0,"2fzOPphpVCRpVroNCBkwic",null,null,null,1,0],[1,0.131970286369324,-0.0000304102886730107,0.0000360870362783317],[3,0.045842875930519986,0.06716438549199936,-0.02688345938443972,0.9963255771380287],[1,5.455175464999076,7.842675370036428,-2.717488363484171]],[2,"Bone003",39,[[3,"Bone004",-54,[0,"85hZeYXHlC4Lk9c3aSuzvj",null,null,null,1,0],[1,0.0693586319684982,-9.53674295089968e-9,-3.81469718035987e-8],[1,8.537738052793336e-7,0.000003415094599318873,-0.0000019209908821771485]]],[0,"f5qJiMDh5ANreGpfgEPAEW",null,null,null,1,0],[1,0.166934162378311,1.19209282445354e-8,0],[3,0.06176726770396775,-0.011232131869913837,-0.025234702475341583,0.997708300880084],[1,7.05656127846859,-1.1070981567462117,-2.9658825056808302]],[1,"Bone031",2,[-55],[0,"406jNkJ89GS7Yi/lFgRuw0",null,null,null,1,0],[1,0.0726571604609489,-0.0352650880813599,3.81469718035987e-8],[3,-0.17755815573708977,0.6844513488350686,-0.6844502163468068,0.17755943723696527],[1,89.99986852145429,179.99985861699759,-29.08594530443461]],[1,"Bone032",41,[-56],[0,"d0wsWlNSxNa7CCM1i6FSML",null,null,null,1,0],[1,0.145832404494286,0.0000892078824108467,0.0000278091429208871],[3,0.000017729422130526656,0.01659081671822578,0.0012454815305182945,0.9998615870519513],[1,-0.00033650920122022584,1.90125667600257,0.1427357700345836]],[2,"Bone033",42,[[3,"Bone034",-57,[0,"74MjFKVHBOGYhmrMMlf/0m",null,null,null,1,0],[1,0.0698293671011925,2.98023206113385e-9,-7.62939436071974e-8],[1,2.6680425332168215e-7,0.0000017075472907638272,7.4705194444583